---> TrackNum: 1 || Number of Bytes: 1389
00 FF 03 0F 41 6C 65 78 20 C3 A2 C3 AE C3 AA C3
A0 C3 AB 00 CF 50 00 FF 51 03 06 8A 1B 00 FF 58
04 04 02 18 08 FB 60 9F 39 50 83 60 8F 39 40 00
9F 38 50 83 60 8F 38 40 00 9F 39 50 83 60 8F 39
40 83 60 9F 39 50 83 60 8F 39 40 00 9F 38 50 83
60 8F 38 40 00 9F 39 50 83 60 8F 39 40 83 60 9F
39 50 83 60 8F 39 40 00 9F 38 50 83 60 8F 38 40
00 9F 3B 50 83 60 8F 3B 40 00 9F 3D 50 83 60 8F
3D 40 00 9F 39 50 83 60 8F 39 40 00 9F 38 50 83
60 8F 38 40 00 9F 34 50 83 60 8F 34 40 83 60 9F
39 50 83 60 8F 39 40 00 9F 38 50 83 60 8F 38 40
00 9F 39 50 83 60 8F 39 40 83 60 9F 39 50 83 60
8F 39 40 00 9F 38 50 83 60 8F 38 40 00 9F 39 50
83 60 8F 39 40 83 60 9F 39 50 83 60 8F 39 40 00
9F 38 50 83 60 8F 38 40 00 9F 3B 50 83 60 8F 3B
40 00 9F 3D 50 83 60 8F 3D 40 00 9F 39 50 83 60
8F 39 40 00 9F 38 50 83 60 8F 38 40 00 9F 34 50
83 60 8F 34 40 83 60 9F 39 50 83 60 8F 39 40 00
9F 38 50 83 60 8F 38 40 00 9F 39 50 83 60 8F 39
40 83 60 9F 39 50 83 60 8F 39 40 00 9F 38 50 83
60 8F 38 40 00 9F 39 50 83 60 8F 39 40 83 60 9F
39 50 83 60 8F 39 40 00 9F 3B 50 83 60 8F 3B 40
00 9F 38 50 83 60 8F 38 40 00 9F 3D 50 83 60 8F
3D 40 00 9F 39 50 83 60 8F 39 40 00 9F 3B 50 83
60 8F 3B 40 00 9F 38 50 83 60 8F 38 40 83 60 9F
39 50 83 60 8F 39 40 00 9F 38 50 83 60 8F 38 40
00 9F 39 50 83 60 8F 39 40 83 60 9F 39 50 83 60
8F 39 40 00 9F 38 50 83 60 8F 38 40 00 9F 39 50
83 60 8F 39 40 83 60 9F 39 50 83 60 8F 39 40 00
9F 3B 50 83 60 8F 3B 40 00 9F 38 50 83 60 8F 38
40 00 9F 3D 50 83 60 8F 3D 40 00 9F 39 50 83 60
8F 39 40 00 9F 3B 50 83 60 8F 3B 40 00 9F 38 50
83 60 8F 38 40 00 9F 36 50 83 60 8F 36 40 F4 20
9F 39 50 87 40 8F 39 40 00 9F 38 50 81 70 8F 38
40 00 9F 34 50 81 70 8F 34 40 00 9F 38 50 81 70
8F 38 40 00 9F 39 50 81 70 8F 39 40 83 60 9F 3B
50 83 60 8F 3B 40 00 9F 39 50 83 60 8F 39 40 00
9F 38 50 83 60 8F 38 40 00 9F 39 50 87 40 8F 39
40 00 9F 38 50 81 70 8F 38 40 00 9F 34 50 81 70
8F 34 40 00 9F 38 50 81 70 8F 38 40 00 9F 39 50
81 70 8F 39 40 83 60 9F 3D 50 83 60 8F 3D 40 00
9F 3B 50 83 60 8F 3B 40 00 9F 38 50 83 60 8F 38
40 00 9F 36 50 87 40 8F 36 40 8B 20 9F 39 50 83
60 8F 39 40 00 9F 38 50 83 60 8F 38 40 00 9F 34
50 83 60 8F 34 40 00 9F 36 50 87 40 8F 36 40 8B
20 9F 3B 50 83 60 8F 3B 40 00 9F 39 50 83 60 8F
39 40 00 9F 34 50 83 60 8F 34 40 00 9F 36 50 83
60 8F 36 40 F8 00 9F 39 50 83 60 8F 39 40 00 9F
38 50 83 60 8F 38 40 00 9F 39 50 83 60 8F 39 40
83 60 9F 39 50 83 60 8F 39 40 00 9F 38 50 83 60
8F 38 40 00 9F 39 50 83 60 8F 39 40 83 60 9F 39
50 83 60 8F 39 40 00 9F 38 50 83 60 8F 38 40 00
9F 3B 50 83 60 8F 3B 40 00 9F 3D 50 83 60 8F 3D
40 00 9F 39 50 83 60 8F 39 40 00 9F 38 50 83 60
8F 38 40 00 9F 34 50 83 60 8F 34 40 83 60 9F 39
50 83 60 8F 39 40 00 9F 38 50 83 60 8F 38 40 00
9F 39 50 83 60 8F 39 40 83 60 9F 39 50 83 60 8F
39 40 00 9F 38 50 83 60 8F 38 40 00 9F 39 50 83
60 8F 39 40 83 60 9F 39 50 83 60 8F 39 40 00 9F
38 50 83 60 8F 38 40 00 9F 3B 50 83 60 8F 3B 40
00 9F 3D 50 83 60 8F 3D 40 00 9F 39 50 83 60 8F
39 40 00 9F 38 50 83 60 8F 38 40 00 9F 34 50 83
60 8F 34 40 00 9F 36 50 8F 00 8F 36 40 87 40 9F
34 50 87 40 8F 34 40 00 9F 36 50 8F 00 8F 36 40
87 40 9F 34 50 87 40 8F 34 40 00 9F 36 50 8F 00
8F 36 40 87 40 9F 34 50 87 40 8F 34 40 00 9F 36
50 8F 00 8F 36 40 00 9F 38 50 8F 00 8F 38 40 00
9F 39 50 8F 00 8F 39 40 87 40 9F 38 50 87 40 8F
38 40 00 9F 39 50 8F 00 8F 39 40 87 40 9F 3D 50
87 40 8F 3D 40 00 9F 39 50 8F 00 8F 39 40 87 40
9F 38 50 87 40 8F 38 40 00 9F 39 50 8F 00 8F 39
40 00 9F 38 50 8F 00 8F 38 40 00 9F 36 50 87 40
8F 36 40 F0 40 9F 39 50 87 40 8F 39 40 00 9F 38
50 81 70 8F 38 40 00 9F 34 50 81 70 8F 34 40 00
9F 38 50 81 70 8F 38 40 00 9F 39 50 81 70 8F 39
40 83 60 9F 3B 50 83 60 8F 3B 40 00 9F 39 50 83
60 8F 39 40 00 9F 38 50 83 60 8F 38 40 00 9F 39
50 87 40 8F 39 40 00 9F 38 50 81 70 8F 38 40 00
9F 34 50 81 70 8F 34 40 00 9F 38 50 81 70 8F 38
40 00 9F 39 50 81 70 8F 39 40 83 60 9F 3D 50 83
60 8F 3D 40 00 9F 3B 50 83 60 8F 3B 40 00 9F 38
50 83 60 8F 38 40 00 9F 36 50 87 40 8F 36 40 8B
20 9F 39 50 83 60 8F 39 40 00 9F 38 50 83 60 8F
38 40 00 9F 34 50 83 60 8F 34 40 00 9F 36 50 87
40 8F 36 40 8B 20 9F 3B 50 83 60 8F 3B 40 00 9F
39 50 83 60 8F 39 40 00 9F 38 50 83 60 8F 38 40
00 9F 36 50 8F 00 8F 36 40 00 FF 2F 00

------------------
List Of Messages:
------------------
-> Very First Index / Byte: 1 / 00
-> Data Starting ByteIndex: 2 || DeltaTime Before: 0
-> Size: 15
41 6C 65 78 20 C3 A2 C3 AE C3 AA C3 A0 C3 AB
Type: Meta Message
Track Name = Alex âîêàë
-> Very First Index / Byte: 20 / 00
-> Data Starting ByteIndex: 21 || DeltaTime Before: 0
